6964496
6964498
6964500
6964502
6964504
6964506
6964508
6964510
6964512
6964514
6964516
6964518
6964520
6964522
6964524
6964526
6964528
6964530
6964532
6964534
6964536
6964538
6964540
6964542
6964544
6964546
6964548
6964550
6964552
6964554
6964556
6964558
6964560
6964562
6964564
6964566
6964568
6964570
6964572
6964574
6964576
6964578
6964580
6964582
6964584
6964586
6964588
6964590
6964592
6964594
6964596
6964598
6964600
6964602
6964604
6964606
6964608
6964610
6964612
6964614
6964616
6964618
6964620
6964622
6964624
6964626
6964628
6964630
6964632
6964634
6964636
6964638
6964640
6964642
6964644
6964646
6964648
6964650
6964652
6964654
6964656
6964658
6964660
6964662
6964664
6964666
6964668
6964670
6964672
6964675
6964677
6964679
6964681
6964683
6964685
6964687
6964689
6964691
6964693
6964695
6964697
6964699
6964701
6964703
6964705
6964707
6964709
6964711
6964713
6964715
6964717
6964719
6964721
6964723
6964725
6964727
6964729
6964731
6964733
6964735
6964737
6964739
