6963472
6963474
6963476
6963478
6963480
6963482
6963484
6963486
6963488
6963490
6963492
6963494
6963496
6963498
6963500
6963502
6963504
6963506
6963508
6963510
6963512
6963514
6963516
6963518
6963520
6963522
6963524
6963526
6963528
6963530
6963532
6963534
6963536
6963538
6963540
6963542
6963544
6963546
6963548
6963550
6963552
6963554
6963556
6963558
6963560
6963562
6963564
6963566
6963568
6963570
6963572
6963574
6963576
6963578
6963580
6963582
6963584
6963586
6963588
6963590
6963592
6963594
6963596
6963598
6963600
6963602
6963604
6963606
6963608
6963610
6963612
6963614
6963616
6963618
6963620
6963622
6963624
6963626
6963628
6963630
6963632
6963634
6963636
6963638
6963640
6963642
6963644
6963646
6963648
6963650
6963652
6963654
6963656
6963658
6963660
6963662
6963664
6963666
6963668
6963670
6963672
6963674
6963676
6963678
6963680
6963682
6963684
6963686
6963688
6963690
6963692
6963694
6963696
6963698
6963700
6963702
6963704
6963706
6963708
6963710
6963712
6963714
6963716
6963718
6963720
6963722
6963724
6963726
6963728
6963730
6963732
6963734
6963736
6963738
6963740
6963742
6963744
6963746
6963748
6963750
6963752
6963754
6963756
6963758
6963760
6963763
6963765
6963767
6963769
6963771
6963773
6963775
6963777
6963779
6963781
6963783
6963785
6963787
6963789
6963791
6963793
6963795
6963797
6963799
6963801
6963803
6963805
6963807
6963809
6963811
6963813
6963815
6963817
6963819
6963821
6963823
6963825
6963827
6963829
6963831
6963833
6963835
6963837
6963839
6963841
6963843
6963845
6963847
6963849
6963851
6963853
6963855
6963857
6963859
6963861
6963863
6963865
6963867
6963869
6963872
6963874
6963876
6963878
6963880
6963882
6963884
6963886
6963888
6963890
6963892
6963894
6963896
6963898
6963900
6963902
6963904
6963906
6963908
6963910
6963912
6963914
6963916
6963918
6963920
6963922
6963924
6963926
6963928
6963930
6963932
6963934
6963936
6963938
6963940
6963942
6963944
6963946
6963948
6963950
6963952
6963954
6963956
6963958
6963961
6963963
6963965
6963967
6963969
6963971
6963973
6963975
6963977
6963979
6963981
6963983
6963985
6963987
6963989
6963991
6963993
6963995
6963997
6963999
6964001
6964003
6964005
6964007
6964009
6964011
6964013
6964015
6964017
6964019
6964021
6964023
6964025
6964027
6964029
6964031
6964033
6964035
6964037
6964039
6964041
6964043
6964045
6964047
6964049
6964051
6964053
6964055
6964057
6964059
6964061
6964063
6964065
6964067
6964069
6964071
6964073
6964075
6964077
6964079
6964081
6964083
6964085
6964087
6964089
6964091
6964093
6964095
6964097
6964099
6964101
6964103
6964105
6964107
6964109
6964111
6964113
6964115
6964117
6964119
6964121
6964123
6964125
6964127
6964129
6964131
6964133
6964135
6964137
6964139
6964141
6964143
6964145
6964147
6964149
6964151
6964153
6964155
6964157
6964159
6964161
6964163
6964165
6964167
6964169
6964171
6964173
6964175
6964177
6964179
6964181
6964183
6964185
6964187
6964189
6964191
6964193
6964195
6964197
6964199
6964201
6964203
6964205
6964207
6964209
6964211
6964213
6964215
6964217
6964219
6964221
6964223
6964225
6964227
6964229
6964231
6964233
6964235
6964237
6964239
6964241
6964243
6964245
6964247
6964249
6964251
6964253
6964255
6964257
6964259
6964261
6964263
6964265
6964267
6964269
6964271
6964273
6964275
6964277
6964279
6964281
6964283
6964285
6964287
6964289
6964291
6964293
6964295
6964297
6964299
6964301
6964303
6964305
6964307
6964309
6964311
6964313
6964315
6964317
6964319
6964321
6964323
6964325
6964327
6964329
6964331
6964333
6964335
6964337
6964339
6964341
6964343
6964345
6964347
6964349
6964351
6964353
6964356
6964358
6964360
6964362
6964364
6964366
6964368
6964370
6964372
6964374
6964376
6964378
6964380
6964382
6964384
6964386
6964388
6964390
6964392
6964394
6964396
6964398
6964400
6964402
6964404
6964406
6964408
6964410
6964412
6964414
6964416
6964418
6964420
6964422
6964424
6964426
6964428
6964430
6964432
6964434
6964436
6964438
6964440
6964442
6964444
6964446
6964448
6964450
6964452
6964454
6964456
6964458
6964460
6964462
6964464
6964467
6964469
6964471
6964473
6964475
6964477
6964479
6964481
6964483
6964485
6964487
6964489
6964491
6964493
6964495
