6963471
6963473
6963475
6963477
6963479
6963481
6963483
6963485
6963487
6963489
6963491
6963493
6963495
6963497
6963499
6963501
6963503
6963505
6963507
6963509
6963511
6963513
6963515
6963517
6963519
6963521
6963523
6963525
6963527
6963529
6963531
6963533
6963535
6963537
6963539
6963541
6963543
6963545
6963547
6963549
6963551
6963553
6963555
6963557
6963559
6963561
6963563
6963565
6963567
6963569
6963571
6963573
6963575
6963577
6963579
6963581
6963583
6963585
6963587
6963589
6963591
6963593
6963595
6963597
6963599
6963601
6963603
6963605
6963607
6963609
6963611
6963613
6963615
6963617
6963619
6963621
6963623
6963625
6963627
6963629
6963631
6963633
6963635
6963637
6963639
6963641
6963643
6963645
6963647
6963649
6963651
6963653
6963655
6963657
6963659
6963661
6963663
6963665
6963667
6963669
6963671
6963673
6963675
6963677
6963679
6963681
6963683
6963685
6963687
6963689
6963691
6963693
6963695
6963697
6963699
6963701
6963703
6963705
6963707
6963709
6963711
6963713
6963715
6963717
6963719
6963721
6963723
6963725
6963727
6963729
6963731
6963733
6963735
6963737
6963739
6963741
6963743
6963745
6963747
6963749
6963751
6963753
6963755
6963757
6963759
6963762
6963764
6963766
6963768
6963770
6963772
6963774
6963776
6963778
6963780
6963782
6963784
6963786
6963788
6963790
6963792
6963794
6963796
6963798
6963800
6963802
6963804
6963806
6963808
6963810
6963812
6963814
6963816
6963818
6963820
6963822
6963824
6963826
6963828
6963830
6963832
6963834
6963836
6963838
6963840
6963842
6963844
6963846
6963848
6963850
6963852
6963854
6963856
6963858
6963860
6963862
6963864
6963866
6963868
6963870
6963873
6963875
6963877
6963879
6963881
6963883
6963885
6963887
6963889
6963891
6963893
6963895
6963897
6963899
6963901
6963903
6963905
6963907
6963909
6963911
6963913
6963915
6963917
6963919
6963921
6963923
6963925
6963927
6963929
6963931
6963933
6963935
6963937
6963939
6963941
6963943
6963945
6963947
6963949
6963951
6963953
6963955
6963957
6963960
6963962
6963964
6963966
6963968
6963970
6963972
6963974
6963976
6963978
6963980
6963982
6963984
6963986
6963988
6963990
6963992
6963994
6963996
6963998
6964000
6964002
6964004
6964006
6964008
6964010
6964012
6964014
6964016
6964018
6964020
6964022
6964024
6964026
6964028
6964030
6964032
6964034
6964036
6964038
6964040
6964042
6964044
6964046
6964048
6964050
6964052
6964054
6964056
6964058
6964060
6964062
6964064
6964066
6964068
6964070
6964072
6964074
6964076
6964078
6964080
6964082
6964084
6964086
6964088
6964090
6964092
6964094
6964096
6964098
6964100
6964102
6964104
6964106
6964108
6964110
6964112
6964114
6964116
6964118
6964120
6964122
6964124
6964126
6964128
6964130
6964132
6964134
6964136
6964138
6964140
6964142
6964144
6964146
6964148
6964150
6964152
6964154
6964156
6964158
6964160
6964162
6964164
6964166
6964168
6964170
6964172
6964174
6964176
6964178
6964180
6964182
6964184
6964186
6964188
6964190
6964192
6964194
6964196
6964198
6964200
6964202
6964204
6964206
6964208
6964210
6964212
6964214
6964216
6964218
6964220
6964222
6964224
6964226
6964228
6964230
6964232
6964234
6964236
6964238
6964240
6964242
6964244
6964246
6964248
6964250
6964252
6964254
6964256
6964258
6964260
6964262
6964264
6964266
6964268
6964270
6964272
6964274
6964276
6964278
6964280
6964282
6964284
6964286
6964288
6964290
6964292
6964294
6964296
6964298
6964300
6964302
6964304
6964306
6964308
6964310
6964312
6964314
6964316
6964318
6964320
6964322
6964324
6964326
6964328
6964330
6964332
6964334
6964336
6964338
6964340
6964342
6964344
6964346
6964348
6964350
6964352
6964355
6964357
6964359
6964361
6964363
6964365
6964367
6964369
6964371
6964373
6964375
6964377
6964379
6964381
6964383
6964385
6964387
6964389
6964391
6964393
6964395
6964397
6964399
6964401
6964403
6964405
6964407
6964409
6964411
6964413
6964415
6964417
6964419
6964421
6964423
6964425
6964427
6964429
6964431
6964433
6964435
6964437
6964439
6964441
6964443
6964445
6964447
6964449
6964451
6964453
6964455
6964457
6964459
6964461
6964463
6964465
6964468
6964470
6964472
6964474
6964476
6964478
6964480
6964482
6964484
6964486
6964488
6964490
6964492
6964494
