6964497
6964499
6964501
6964503
6964505
6964507
6964509
6964511
6964513
6964515
6964517
6964519
6964521
6964523
6964525
6964527
6964529
6964531
6964533
6964535
6964537
6964539
6964541
6964543
6964545
6964547
6964549
6964551
6964553
6964555
6964557
6964559
6964561
6964563
6964565
6964567
6964569
6964571
6964573
6964575
6964577
6964579
6964581
6964583
6964585
6964587
6964589
6964591
6964593
6964595
6964597
6964599
6964601
6964603
6964605
6964607
6964609
6964611
6964613
6964615
6964617
6964619
6964621
6964623
6964625
6964627
6964629
6964631
6964633
6964635
6964637
6964639
6964641
6964643
6964645
6964647
6964649
6964651
6964653
6964655
6964657
6964659
6964661
6964663
6964665
6964667
6964669
6964671
6964673
6964676
6964678
6964680
6964682
6964684
6964686
6964688
6964690
6964692
6964694
6964696
6964698
6964700
6964702
6964704
6964706
6964708
6964710
6964712
6964714
6964716
6964718
6964720
6964722
6964724
6964726
6964728
6964730
6964732
6964734
6964736
6964738
6964740
