9961129
9961131
9961133
9961135
9961137
9961139
9961141
9961143
9961145
9961147
9961149
9961151
9961153
9961155
9961157
9961159
9961161
9961163
9961165
9961167
9961169
9961171
9961173
9961175
9961177
9961179
9961181
9961183
9961185
9961187
9961189
9961191
9961193
9961195
9961197
9961199
9961201
9961203
9961205
9961207
9961209
9961211
9961213
9961215
9961217
9961219
9961221
9961223
9961225
9961227
9961229
9961231
9961233
9961235
9961237
9961239
9961241
9961243
9961245
9961247
9961249
9961251
9961253
9961255
9961257
9961259
9961261
9961263
9961265
9961267
9961269
9961271
9961273
9961275
9961277
9961279
9961281
9961283
9961285
9961287
9961289
9961291
9961293
9961295
9961297
9961300
9961302
9961304
9961306
9961308
9961310
9961312
9961314
9961316
9961318
9961320
9961322
9961324
9961326
9961328
9961330
9961334
9961338
9961345
9961349
9961353
9961357
9961361
9961365
9961369
9961373
9961377
9961381
9961385
9961389
9961393
9961396
9961401
9961404
9961408
9961412
9961418
9961422
9961426
9961430
9961434
9961438
9961441
9961445
9961451
9961455
9961459
9961465
9961469
9961473
9961477
9961481
9961486
9961491
9961496
9961499
9961503
9961507
9961511
9961515
9961519
9961522
9961526
9961530
9961534
9961538
9961543
9961547
9961553
9961556
9961560
9961564
9961568
9961572
9961575
9961580
9961584
9961588
9961592
9961596
9961602
9961605
9961609
9961613
9961617
9961621
9961625
9961629
9961634
9961638
9961642
9961646
9961650
9961654
9961658
9961662
9961666
9961672
9961675
9961679
9961683
9961689
9961692
9961696
9961700
9961704
9961708
9961712
9961717
9961721
9961725
9961729
9961733
9961737
9961744
9961748
9961752
9961756
9961759
9961761
9961763
9961765
9961767
9961769
9961771
9961773
9961775
9961777
9961779
9961781
9961783
9961785
9961787
9961789
9961791
9961793
9961795
9961797
9961799
9961801
9961803
9961805
9961807
9961809
9961811
9961813
9961815
9961817
9961819
9961821
9961823
9961825
9961827
9961829
9961831
9961833
9961835
9961837
9961839
9961841
9961843
9961845
9961847
9961849
9961851
9961853
9961855
9961857
9961859
9961861
9961863
9961865
9961867
9961869
9961871
9961873
9961875
9961877
9961879
9961881
9961883
9961885
9961887
9961889
9961891
9961893
9961896
9961898
9961900
9961902
9961904
9961906
9961908
9961910
9961912
9961914
9961916
9961918
9961920
9961922
9961924
9961926
9961928
9961930
9961932
9961934
9961936
9961938
9961940
9961942
9961944
9961946
9961948
9961950
9961952
9961954
9961956
9961958
9961960
9961962
9961964
9961966
9961968
9961970
9961972
9961974
9961976
9961978
9961980
9961982
9961984
9961986
9961988
9961990
9961992
9961994
9961996
9961998
9962000
9962002
9962004
9962006
9962008
9962010
9962012
9962014
9962016
9962018
9962020
9962022
9962024
9962026
9962028
9962030
9962032
9962034
9962036
9962038
9962040
9962042
9962044
9962046
9962048
9962050
9962052
9962054
9962056
9962058
9962060
9962062
9962064
9962066
9962068
9962070
9962072
9962074
9962076
9962078
9962080
9962082
9962084
9962086
9962088
9962090
9962092
9962094
9962096
9962098
9962100
9962102
9962104
9962106
9962108
9962110
9962112
9962114
9962116
9962118
9962120
9962122
9962124
9962126
9962128
9962130
9962132
9962134
9962136
9962138
9962140
9962142
9962144
9962146
9962148
9962150
9962152
9962154
9962156
9962158
9962160
9962162
9962164
9962166
9962168
9962170
9962172
9962174
9962176
9962178
9962180
9962182
9962184
9962186
9962188
9962190
9962192
9962194
9962196
9962199
9962201
9962203
9962205
9962207
9962209
9962211
9962213
9962215
9962217
9962219
9962221
9962223
9962225
9962227
9962229
9962232
9962234
9962236
9962238
9962240
9962242
9962244
9962246
9962248
9962250
9962252
9962254
9962256
9962258
9962260
9962262
9962264
9962266
9962268
9962270
9962272
9962274
9962276
9962278
9962280
9962282
9962284
9962286
9962288
9962290
9962292
9962294
9962296
9962298
9962300
