9961128
9961130
9961132
9961134
9961136
9961138
9961140
9961142
9961144
9961146
9961148
9961150
9961152
9961154
9961156
9961158
9961160
9961162
9961164
9961166
9961168
9961170
9961172
9961174
9961176
9961178
9961180
9961182
9961184
9961186
9961188
9961190
9961192
9961194
9961196
9961198
9961200
9961202
9961204
9961206
9961208
9961210
9961212
9961214
9961216
9961218
9961220
9961222
9961224
9961226
9961228
9961230
9961232
9961234
9961236
9961238
9961240
9961242
9961244
9961246
9961248
9961250
9961252
9961254
9961256
9961258
9961260
9961262
9961264
9961266
9961268
9961270
9961272
9961274
9961276
9961278
9961280
9961282
9961284
9961286
9961288
9961290
9961292
9961294
9961296
9961299
9961301
9961303
9961305
9961307
9961309
9961311
9961313
9961315
9961317
9961319
9961321
9961323
9961325
9961327
9961329
9961332
9961336
9961343
9961347
9961351
9961355
9961359
9961363
9961367
9961371
9961375
9961379
9961383
9961387
9961391
9961395
9961399
9961402
9961406
9961411
9961416
9961420
9961424
9961428
9961432
9961437
9961440
9961443
9961449
9961453
9961457
9961463
9961467
9961471
9961475
9961479
9961484
9961490
9961493
9961497
9961501
9961505
9961509
9961513
9961517
9961521
9961524
9961528
9961532
9961536
9961541
9961545
9961551
9961555
9961558
9961562
9961566
9961570
9961574
9961577
9961582
9961586
9961590
9961594
9961600
9961604
9961608
9961611
9961615
9961619
9961623
9961627
9961632
9961636
9961640
9961644
9961648
9961652
9961656
9961660
9961664
9961670
9961673
9961677
9961681
9961687
9961691
9961694
9961698
9961702
9961706
9961710
9961715
9961719
9961723
9961727
9961731
9961736
9961742
9961746
9961750
9961754
9961758
9961760
9961762
9961764
9961766
9961768
9961770
9961772
9961774
9961776
9961778
9961780
9961782
9961784
9961786
9961788
9961790
9961792
9961794
9961796
9961798
9961800
9961802
9961804
9961806
9961808
9961810
9961812
9961814
9961816
9961818
9961820
9961822
9961824
9961826
9961828
9961830
9961832
9961834
9961836
9961838
9961840
9961842
9961844
9961846
9961848
9961850
9961852
9961854
9961856
9961858
9961860
9961862
9961864
9961866
9961868
9961870
9961872
9961874
9961876
9961878
9961880
9961882
9961884
9961886
9961888
9961890
9961892
9961895
9961897
9961899
9961901
9961903
9961905
9961907
9961909
9961911
9961913
9961915
9961917
9961919
9961921
9961923
9961925
9961927
9961929
9961931
9961933
9961935
9961937
9961939
9961941
9961943
9961945
9961947
9961949
9961951
9961953
9961955
9961957
9961959
9961961
9961963
9961965
9961967
9961969
9961971
9961973
9961975
9961977
9961979
9961981
9961983
9961985
9961987
9961989
9961991
9961993
9961995
9961997
9961999
9962001
9962003
9962005
9962007
9962009
9962011
9962013
9962015
9962017
9962019
9962021
9962023
9962025
9962027
9962029
9962031
9962033
9962035
9962037
9962039
9962041
9962043
9962045
9962047
9962049
9962051
9962053
9962055
9962057
9962059
9962061
9962063
9962065
9962067
9962069
9962071
9962073
9962075
9962077
9962079
9962081
9962083
9962085
9962087
9962089
9962091
9962093
9962095
9962097
9962099
9962101
9962103
9962105
9962107
9962109
9962111
9962113
9962115
9962117
9962119
9962121
9962123
9962125
9962127
9962129
9962131
9962133
9962135
9962137
9962139
9962141
9962143
9962145
9962147
9962149
9962151
9962153
9962155
9962157
9962159
9962161
9962163
9962165
9962167
9962169
9962171
9962173
9962175
9962177
9962179
9962181
9962183
9962185
9962187
9962189
9962191
9962193
9962195
9962198
9962200
9962202
9962204
9962206
9962208
9962210
9962212
9962214
9962216
9962218
9962220
9962222
9962224
9962226
9962228
9962230
9962233
9962235
9962237
9962239
9962241
9962243
9962245
9962247
9962249
9962251
9962253
9962255
9962257
9962259
9962261
9962263
9962265
9962267
9962269
9962271
9962273
9962275
9962277
9962279
9962281
9962283
9962285
9962287
9962289
9962291
9962293
9962295
9962297
9962299
