5244602
5244604
5244606
5244608
5244610
5244612
5244614
5244616
5244618
5244620
5244622
5244624
5244626
5244628
5244630
5244632
5244634
5244636
5244638
5244640
5244642
5244644
5244646
5244648
5244650
5244652
5244654
5244656
5244658
5244660
5244662
5244664
5244666
5244668
5244670
5244672
5244674
5244676
5244678
5244680
5244682
5244684
5244686
5244689
5244691
5244695
5244703
5244705
5244707
5244709
5244711
5244713
5244716
5244718
5244721
5244723
5244725
5244727
5244729
5244731
5244733
5244735
5244737
5244739
5244741
5244743
5244746
5244748
5244751
5244753
5244755
5244757
5244759
5244761
5244763
5244765
5244767
5244769
5244771
5244773
5244775
5244777
5244779
5244781
5244783
5244785
5244791
5244793
5244795
5244797
5244799
5244801
5244803
5244805
5244807
5244809
5244811
5244813
5244815
5244817
5244819
5244821
5244823
5244825
5244828
5244830
5244832
5244834
5244836
5244838
5244840
5244842
5244844
5244846
5244848
5244850
5244852
5244854
5244856
5244858
5244860
5244862
