5243565
5243567
5243570
5243573
5243575
5243577
5243579
5243581
5243583
5243585
5243587
5243589
5243591
5243593
5243595
5243597
5243599
5243601
5243603
5243605
5243607
5243609
5243611
5243613
5243615
5243617
5243619
5243621
5243623
5243625
5243627
5243629
5243631
5243633
5243635
5243637
5243639
5243641
5243643
5243645
5243647
5243649
5243651
5243653
5243655
5243657
5243659
5243661
5243663
5243665
5243667
5243669
5243671
5243673
5243675
5243677
5243679
5243681
5243683
5243685
5243687
5243689
5243691
5243693
5243695
5243697
5243699
5243701
5243703
5243705
5243707
5243709
5243711
5243713
5243715
5243717
5243719
5243721
5243723
5243725
5243727
5243729
5243731
5243733
5243735
5243737
5243739
5243741
5243743
5243745
5243747
5243749
5243751
5243753
5243755
5243757
5243759
5243761
5243763
5243765
5243767
5243769
5243771
5243773
5243775
5243777
5243779
5243781
5243783
5243785
5243787
5243789
5243791
5243793
5243795
5243797
5243799
5243801
5243803
5243805
5243807
5243809
5243811
5243813
5243815
5243817
5243819
5243821
5243823
5243825
5243827
5243829
5243831
5243833
5243835
5243837
5243839
5243841
5243843
5243845
5243847
5243849
5243851
5243853
5243855
5243857
5243859
5243861
5243863
5243865
5243867
5243869
5243871
5243873
5243875
5243877
5243879
5243881
5243883
5243885
5243887
5243889
5243891
5243893
5243895
5243897
5243899
5243901
5243903
5243905
5243907
5243909
5243911
5243913
5243915
5243917
5243919
5243921
5243923
5243925
5243927
5243929
5243931
5243933
5243935
5243937
5243939
5243941
5243943
5243945
5243947
5243949
5243951
5243953
5243955
5243957
5243959
5243961
5243963
5243965
5243967
5243969
5243971
5243973
5243975
5243977
5243979
5243981
5243983
5243985
5243987
5243989
5243991
5243993
5243995
5243997
5243999
5244001
5244003
5244005
5244007
5244009
5244011
5244013
5244015
5244017
5244019
5244021
5244023
5244025
5244027
5244029
5244031
5244033
5244035
5244037
5244039
5244041
5244043
5244045
5244047
5244049
5244051
5244053
5244055
5244057
5244059
5244061
5244063
5244065
5244067
5244069
5244071
5244073
5244075
5244077
5244079
5244081
5244083
5244085
5244087
5244089
5244091
5244093
5244095
5244097
5244099
5244109
5244111
5244113
5244115
5244117
5244119
5244121
5244123
5244125
5244127
5244129
5244131
5244133
5244135
5244137
5244139
5244141
5244143
5244145
5244147
5244149
5244151
5244153
5244155
5244157
5244159
5244161
5244163
5244165
5244167
5244169
5244171
5244173
5244175
5244177
5244179
5244181
5244183
5244185
5244187
5244189
5244191
5244193
5244195
5244197
5244199
5244201
5244203
5244205
5244207
5244209
5244211
5244213
5244215
5244217
5244219
5244221
5244223
5244225
5244227
5244229
5244231
5244233
5244235
5244237
5244239
5244241
5244243
5244245
5244247
5244249
5244251
5244253
5244255
5244257
5244259
5244261
5244263
5244265
5244267
5244269
5244271
5244273
5244275
5244277
5244279
5244281
5244283
5244285
5244287
5244289
5244291
5244293
5244295
5244297
5244299
5244302
5244304
5244306
5244308
5244310
5244312
5244314
5244316
5244318
5244320
5244322
5244324
5244326
5244328
5244330
5244332
5244335
5244337
5244339
5244341
5244343
5244345
5244347
5244349
5244351
5244353
5244355
5244357
5244359
5244361
5244363
5244365
5244368
5244370
5244372
5244374
5244376
5244378
5244380
5244382
5244384
5244386
5244388
5244390
5244392
5244394
5244396
5244398
5244400
5244402
5244404
5244406
5244408
5244410
5244412
5244414
5244416
5244418
5244420
5244422
5244424
5244427
5244431
5244433
5244435
5244437
5244439
5244441
5244443
5244445
5244447
5244449
5244451
5244453
5244455
5244457
5244459
5244461
5244463
5244465
5244467
5244469
5244471
5244473
5244475
5244477
5244479
5244481
5244483
5244485
5244487
5244489
5244491
5244493
5244495
5244497
5244499
5244501
5244503
5244505
5244507
5244509
5244511
5244513
5244515
5244517
5244519
5244521
5244523
5244525
5244527
5244529
5244531
5244533
5244535
5244537
5244539
5244541
5244543
5244545
5244547
5244549
5244551
5244553
5244555
5244557
5244559
5244561
5244563
5244565
5244567
5244569
5244571
5244573
5244575
5244577
5244579
5244581
5244583
5244585
5244587
5244589
5244591
5244594
5244596
5244598
5244600
