5244601
5244603
5244605
5244607
5244609
5244611
5244613
5244615
5244617
5244619
5244621
5244623
5244625
5244627
5244629
5244631
5244633
5244635
5244637
5244639
5244641
5244643
5244645
5244647
5244649
5244651
5244653
5244655
5244657
5244659
5244661
5244663
5244665
5244667
5244669
5244671
5244673
5244675
5244677
5244679
5244681
5244683
5244685
5244687
5244690
5244694
5244702
5244704
5244706
5244708
5244710
5244712
5244715
5244717
5244720
5244722
5244724
5244726
5244728
5244730
5244732
5244734
5244736
5244738
5244740
5244742
5244744
5244747
5244749
5244752
5244754
5244756
5244758
5244760
5244762
5244764
5244766
5244768
5244770
5244772
5244774
5244776
5244778
5244780
5244782
5244784
5244786
5244792
5244794
5244796
5244798
5244800
5244802
5244804
5244806
5244808
5244810
5244812
5244814
5244816
5244818
5244820
5244822
5244824
5244827
5244829
5244831
5244833
5244835
5244837
5244839
5244841
5244843
5244845
5244847
5244849
5244851
5244853
5244855
5244857
5244859
5244861
