5088588
5088590
5088592
5088594
5088596
5088598
5088600
5088602
5088604
5088606
5088608
5088610
5088612
5088614
5088616
5088618
5088620
5088622
5088624
5088626
5088628
5088630
5088632
5088634
5088636
5088638
5088640
5088642
5088644
5088646
5088648
5088650
5088652
5088654
5088656
5088658
5088660
5088662
5088664
5088666
5088668
5088670
5088672
5088674
5088676
5088678
5088680
5088682
5088684
5088686
5088688
5088690
5088692
5088694
5088696
5088698
5088700
5088702
5088704
5088706
5088708
5088710
5088712
5088714
5088716
5088718
5088720
5088722
5088724
5088726
5088728
5088730
5088732
5088734
5088736
5088738
5088740
5088742
5088744
5088746
5088748
5088750
5088752
5088754
5088756
5088758
5088760
5088762
5088764
5088766
5088768
5088770
5088772
5088774
5088776
5088778
5088780
5088782
5088784
5088786
5088788
5088790
5088792
5088794
5088796
5088798
5088800
5088802
5088804
5088806
5088808
5088810
5088812
5088814
5088816
5088818
5088820
5088822
5088824
5088826
5088828
5088830
5088832
5088834
5088836
5088838
5088840
5088842
5088844
5088846
5088848
5088850
5088852
5088854
5088856
5088858
5088860
5088862
5088864
5088866
5088868
5088870
5088872
5088874
5088876
5088878
5088880
5088882
5088884
5088886
5088888
5088890
5088892
5088894
5088896
5088898
5088900
5088902
5088904
5088906
5088908
5088910
5088912
5088914
5088916
5088918
5088920
5088922
5088924
5088926
5088928
5088930
5088932
5088934
5088936
5088938
5088940
5088942
5088944
5088946
5088948
5088950
5088952
5088954
5088956
5088958
5088960
5088962
5088964
5088966
5088968
5088970
5088972
5088974
5088976
5088978
5088980
5088982
5088984
5088986
5088988
5088990
5088992
5088994
5088996
5088998
5089000
5089002
5089004
5089006
5089008
5089010
5089012
5089014
5089016
5089018
5089020
5089022
5089024
5089026
5089028
5089030
5089032
5089034
5089036
5089038
5089040
5089042
5089044
5089046
5089048
5089050
5089052
5089054
5089056
5089058
5089060
5089062
5089064
5089066
5089068
5089070
5089072
5089074
5089076
5089078
5089080
5089082
5089084
5089086
5089088
5089090
5089092
5089094
5089096
5089098
5089100
5089102
5089104
5089106
5089108
5089110
5089112
5089114
5089116
5089118
5089120
5089122
5089124
5089126
5089128
5089130
5089132
5089134
5089136
5089138
5089140
5089142
5089144
5089146
5089148
5089150
5089152
5089154
5089156
5089158
5089160
5089162
5089164
5089166
5089168
5089170
5089172
5089174
5089176
5089178
5089180
5089182
5089184
5089186
5089188
5089190
5089192
5089194
5089196
5089198
5089200
5089202
5089204
5089206
5089208
5089210
5089212
5089214
5089216
5089218
5089220
5089222
5089224
5089226
5089228
5089230
5089232
5089234
5089236
5089238
5089240
5089242
5089244
5089246
5089248
5089250
5089252
5089254
5089256
5089258
5089260
5089262
5089264
5089266
5089268
5089270
5089272
5089274
5089276
5089278
5089280
5089282
5089284
5089286
5089288
5089290
5089292
5089294
5089296
5089298
5089300
5089302
5089304
5089306
5089308
5089310
5089312
5089314
5089316
5089318
5089320
5089322
5089324
5089326
5089328
5089330
5089332
5089334
5089336
5089338
5089340
5089342
5089344
5089346
5089348
5089350
5089352
5089354
5089356
5089358
5089360
5089362
5089364
5089366
5089368
5089370
5089372
5089374
5089376
5089378
5089380
5089382
5089384
5089386
5089388
5089390
5089392
5089394
5089396
5089398
5089400
5089402
5089404
5089406
5089408
5089410
5089412
5089414
5089416
5089418
5089420
5089422
5089424
5089426
5089428
5089430
5089432
5089434
5089436
5089438
5089440
5089442
5089444
5089446
5089448
5089450
5089452
5089454
5089456
5089458
5089460
5089462
5089464
5089466
5089468
5089470
5089472
5089474
5089476
5089478
5089480
5089482
5089484
5089486
5089488
5089490
5089492
5089494
5089496
5089498
5089500
5089502
5089504
5089506
5089508
5089510
5089512
5089514
5089516
5089518
5089520
5089522
5089524
5089526
5089528
5089530
5089532
5089534
5089536
5089538
5089540
5089542
5089544
5089546
5089548
5089550
5089552
5089554
5089556
5089558
5089560
5089562
5089564
5089566
5089568
5089570
5089572
5089574
5089576
5089578
5089580
5089582
5089584
5089586
5089588
5089590
5089592
5089594
5089596
5089598
5089600
5089602
5089604
5089606
