5089608
5089610
5089612
5089614
5089616
5089618
5089620
5089622
5089624
5089626
5089628
5089630
5089632
5089634
5089636
5089638
5089640
5089642
5089644
5089646
5089648
5089650
5089652
5089654
5089656
5089658
5089660
5089662
5089664
5089666
5089668
5089670
5089672
5089674
5089676
5089678
5089680
5089682
5089684
5089686
5089688
5089690
5089692
5089694
5089696
5089698
5089700
5089702
5089704
5089706
5089709
5089711
5089714
5089716
5089719
5089722
5089724
5089726
5089728
5089730
5089732
5089734
5089736
5089738
5089740
5089742
5089744
5089746
5089748
5089750
5089752
5089754
5089756
5089758
5089760
5089762
5089764
5089766
5089768
5089770
5089772
5089774
5089776
5089778
5089780
5089782
5089784
5089786
5089788
5089790
5089792
5089794
5089796
5089798
5089800
5089802
5089804
5089806
5089808
5089810
5089812
5089814
5089816
5089818
5089820
5089822
5089824
5089826
5089828
5089830
5089832
5089834
5089836
5089838
5089840
5089842
5089844
5089846
5089848
5089851
5089854
5089857
