5277483
5277485
5277487
5277489
5277491
5277493
5277495
5277497
5277499
5277501
5277503
5277505
5277507
5277509
5277511
5277513
5277515
5277517
5277519
5277521
5277523
5277525
5277527
5277529
5277531
5277533
5277535
5277537
5277539
5277541
5277543
5277545
5277548
5277550
5277553
5277555
5277558
5277561
5277563
5277565
5277567
5277569
5277571
5277573
5277575
5277577
5277579
5277581
5277583
5277586
5277589
5277591
5277594
5277596
5277599
5277601
5277603
5277605
5277607
5277609
5277611
5277613
5277615
5277617
5277619
5277621
5277623
5277625
5277627
5277629
5277631
5277633
5277635
5277637
5277639
5277641
5277643
5277645
5277647
5277649
5277651
5277653
5277655
5277657
5277659
5277661
5277663
5277666
5277668
5277670
5277672
5277674
5277676
5277678
5277680
5277682
5277684
5277686
5277688
5277690
5277692
5277694
5277696
5277698
5277700
5277702
5277704
5277706
5277708
5277710
5277712
5277714
5277716
5277718
5277720
5277722
5277724
5277726
5277728
5277730
5277732
5277734
