5243564
5243566
5243569
5243571
5243574
5243576
5243578
5243580
5243582
5243584
5243586
5243588
5243590
5243592
5243594
5243596
5243598
5243600
5243602
5243604
5243606
5243608
5243610
5243612
5243614
5243616
5243618
5243620
5243622
5243624
5243626
5243628
5243630
5243632
5243634
5243636
5243638
5243640
5243642
5243644
5243646
5243648
5243650
5243652
5243654
5243656
5243658
5243660
5243662
5243664
5243666
5243668
5243670
5243672
5243674
5243676
5243678
5243680
5243682
5243684
5243686
5243688
5243690
5243692
5243694
5243696
5243698
5243700
5243702
5243704
5243706
5243708
5243710
5243712
5243714
5243716
5243718
5243720
5243722
5243724
5243726
5243728
5243730
5243732
5243734
5243736
5243738
5243740
5243742
5243744
5243746
5243748
5243750
5243752
5243754
5243756
5243758
5243760
5243762
5243764
5243766
5243768
5243770
5243772
5243774
5243776
5243778
5243780
5243782
5243784
5243786
5243788
5243790
5243792
5243794
5243796
5243798
5243800
5243802
5243804
5243806
5243808
5243810
5243812
5243814
5243816
5243818
5243820
5243822
5243824
5243826
5243828
5243830
5243832
5243834
5243836
5243838
5243840
5243842
5243844
5243846
5243848
5243850
5243852
5243854
5243856
5243858
5243860
5243862
5243864
5243866
5243868
5243870
5243872
5243874
5243876
5243878
5243880
5243882
5243884
5243886
5243888
5243890
5243892
5243894
5243896
5243898
5243900
5243902
5243904
5243906
5243908
5243910
5243912
5243914
5243916
5243918
5243920
5243922
5243924
5243926
5243928
5243930
5243932
5243934
5243936
5243938
5243940
5243942
5243944
5243946
5243948
5243950
5243952
5243954
5243956
5243958
5243960
5243962
5243964
5243966
5243968
5243970
5243972
5243974
5243976
5243978
5243980
5243982
5243984
5243986
5243988
5243990
5243992
5243994
5243996
5243998
5244000
5244002
5244004
5244006
5244008
5244010
5244012
5244014
5244016
5244018
5244020
5244022
5244024
5244026
5244028
5244030
5244032
5244034
5244036
5244038
5244040
5244042
5244044
5244046
5244048
5244050
5244052
5244054
5244056
5244058
5244060
5244062
5244064
5244066
5244068
5244070
5244072
5244074
5244076
5244078
5244080
5244082
5244084
5244086
5244088
5244090
5244092
5244094
5244096
5244098
5244100
5244110
5244112
5244114
5244116
5244118
5244120
5244122
5244124
5244126
5244128
5244130
5244132
5244134
5244136
5244138
5244140
5244142
5244144
5244146
5244148
5244150
5244152
5244154
5244156
5244158
5244160
5244162
5244164
5244166
5244168
5244170
5244172
5244174
5244176
5244178
5244180
5244182
5244184
5244186
5244188
5244190
5244192
5244194
5244196
5244198
5244200
5244202
5244204
5244206
5244208
5244210
5244212
5244214
5244216
5244218
5244220
5244222
5244224
5244226
5244228
5244230
5244232
5244234
5244236
5244238
5244240
5244242
5244244
5244246
5244248
5244250
5244252
5244254
5244256
5244258
5244260
5244262
5244264
5244266
5244268
5244270
5244272
5244274
5244276
5244278
5244280
5244282
5244284
5244286
5244288
5244290
5244292
5244294
5244296
5244298
5244300
5244303
5244305
5244307
5244309
5244311
5244313
5244315
5244317
5244319
5244321
5244323
5244325
5244327
5244329
5244331
5244334
5244336
5244338
5244340
5244342
5244344
5244346
5244348
5244350
5244352
5244354
5244356
5244358
5244360
5244362
5244364
5244367
5244369
5244371
5244373
5244375
5244377
5244379
5244381
5244383
5244385
5244387
5244389
5244391
5244393
5244395
5244397
5244399
5244401
5244403
5244405
5244407
5244409
5244411
5244413
5244415
5244417
5244419
5244421
5244423
5244426
5244430
5244432
5244434
5244436
5244438
5244440
5244442
5244444
5244446
5244448
5244450
5244452
5244454
5244456
5244458
5244460
5244462
5244464
5244466
5244468
5244470
5244472
5244474
5244476
5244478
5244480
5244482
5244484
5244486
5244488
5244490
5244492
5244494
5244496
5244498
5244500
5244502
5244504
5244506
5244508
5244510
5244512
5244514
5244516
5244518
5244520
5244522
5244524
5244526
5244528
5244530
5244532
5244534
5244536
5244538
5244540
5244542
5244544
5244546
5244548
5244550
5244552
5244554
5244556
5244558
5244560
5244562
5244564
5244566
5244568
5244570
5244572
5244574
5244576
5244578
5244580
5244582
5244584
5244586
5244588
5244590
5244592
5244595
5244597
5244599
