5149812
5149814
5149816
5149818
5149820
5149822
5149824
5149826
5149828
5149830
5149832
5149834
5149836
5149838
5149840
5149842
5149844
5149846
5149848
5149850
5149852
5149854
5149856
5149858
5149860
5149862
5149864
5149866
5149868
5149870
5149872
5149874
5149876
5149878
5149880
5149882
5149884
5149886
5149888
5149890
5149892
5149894
5149896
5149898
5149900
5149902
5149904
5149906
5149908
5149910
5149912
5149914
5149916
5149918
5149920
5149922
5149924
5149926
5149928
5149930
5149932
5149934
5149936
5149938
5149940
5149942
5149944
5149946
5149948
5149950
5149952
5149954
5149956
5149958
5149960
5149962
5149964
5149966
5149968
5149970
5149972
5149974
5149976
5149978
5149980
5149982
5149984
5149986
5149988
5149990
5149992
5149994
5149996
5149998
5150000
5150002
5150004
5150006
5150008
5150010
5150012
5150014
5150016
5150018
5150020
5150022
5150024
5150026
5150028
5150030
5150032
5150034
5150036
5150038
5150040
5150042
5150044
5150046
5150048
5150050
5150052
5150054
