5149813
5149815
5149817
5149819
5149821
5149823
5149825
5149827
5149829
5149831
5149833
5149835
5149837
5149839
5149841
5149843
5149845
5149847
5149849
5149851
5149853
5149855
5149857
5149859
5149861
5149863
5149865
5149867
5149869
5149871
5149873
5149875
5149877
5149879
5149881
5149883
5149885
5149887
5149889
5149891
5149893
5149895
5149897
5149899
5149901
5149903
5149905
5149907
5149909
5149911
5149913
5149915
5149917
5149919
5149921
5149923
5149925
5149927
5149929
5149931
5149933
5149935
5149937
5149939
5149941
5149943
5149945
5149947
5149949
5149951
5149953
5149955
5149957
5149959
5149961
5149963
5149965
5149967
5149969
5149971
5149973
5149975
5149977
5149979
5149981
5149983
5149985
5149987
5149989
5149991
5149993
5149995
5149997
5149999
5150001
5150003
5150005
5150007
5150009
5150011
5150013
5150015
5150017
5150019
5150021
5150023
5150025
5150027
5150029
5150031
5150033
5150035
5150037
5150039
5150041
5150043
5150045
5150047
5150049
5150051
5150053
5150055
