5148756
5148758
5148760
5148762
5148764
5148766
5148768
5148770
5148772
5148774
5148776
5148778
5148780
5148782
5148784
5148786
5148788
5148806
5148808
5148810
5148812
5148814
5148816
5148818
5148820
5148822
5148824
5148826
5148828
5148830
5148832
5148834
5148836
5148838
5148840
5148842
5148844
5148846
5148848
5148850
5148852
5148854
5148856
5148858
5148860
5148862
5148864
5148866
5148868
5148870
5148872
5148874
5148876
5148878
5148880
5148882
5148884
5148886
5148888
5148890
5148892
5148894
5148896
5148898
5148900
5148902
5148904
5148906
5148908
5148910
5148912
5148914
5148916
5148918
5148920
5148922
5148924
5148926
5148928
5148930
5148932
5148934
5148936
5148938
5148940
5148943
5148945
5148947
5148949
5148951
5148953
5148955
5148957
5148959
5148961
5148963
5148965
5148967
5148969
5148971
5148973
5148975
5148977
5148979
5148981
5148983
5148985
5148987
5148989
5148991
5148993
5148995
5148997
5148999
5149001
5149003
5149005
5149007
5149009
5149011
5149013
5149015
5149017
5149019
5149021
5149023
5149025
5149027
5149029
5149031
5149033
5149035
5149037
5149039
5149041
5149043
5149045
5149047
5149049
5149051
5149053
5149055
5149057
5149059
5149061
5149063
5149065
5149067
5149069
5149071
5149073
5149075
5149077
5149079
5149081
5149083
5149085
5149087
5149089
5149091
5149093
5149095
5149097
5149099
5149101
5149103
5149105
5149107
5149109
5149111
5149113
5149115
5149117
5149119
5149121
5149123
5149125
5149127
5149129
5149131
5149133
5149135
5149137
5149152
5149154
5149156
5149158
5149160
5149162
5149164
5149166
5149168
5149170
5149172
5149174
5149176
5149178
5149180
5149182
5149184
5149186
5149188
5149190
5149192
5149194
5149196
5149198
5149200
5149202
5149204
5149206
5149208
5149210
5149212
5149214
5149216
5149218
5149220
5149222
5149224
5149226
5149228
5149230
5149232
5149234
5149236
5149238
5149240
5149242
5149244
5149246
5149248
5149250
5149252
5149254
5149256
5149258
5149260
5149262
5149264
5149266
5149268
5149270
5149272
5149274
5149276
5149278
5149280
5149282
5149284
5149286
5149288
5149290
5149292
5149294
5149296
5149298
5149300
5149302
5149304
5149306
5149308
5149310
5149312
5149314
5149316
5149318
5149320
5149322
5149324
5149326
5149328
5149330
5149332
5149334
5149336
5149338
5149340
5149342
5149344
5149346
5149348
5149350
5149352
5149354
5149356
5149358
5149360
5149362
5149364
5149366
5149368
5149370
5149372
5149374
5149376
5149378
5149380
5149382
5149384
5149386
5149388
5149390
5149393
5149396
5149399
5149401
5149403
5149405
5149407
5149409
5149411
5149413
5149415
5149417
5149419
5149421
5149423
5149425
5149427
5149429
5149431
5149433
5149435
5149437
5149439
5149441
5149443
5149445
5149447
5149449
5149451
5149453
5149455
5149457
5149459
5149461
5149463
5149465
5149467
5149469
5149471
5149473
5149475
5149477
5149479
5149481
5149483
5149485
5149487
5149489
5149491
5149493
5149495
5149497
5149499
5149501
5149503
5149505
5149507
5149509
5149511
5149513
5149515
5149518
5149520
5149522
5149525
5149527
5149529
5149532
5149534
5149536
5149538
5149540
5149542
5149544
5149546
5149548
5149550
5149552
5149554
5149556
5149558
5149560
5149562
5149564
5149566
5149568
5149570
5149572
5149574
5149576
5149578
5149580
5149582
5149584
5149586
5149588
5149590
5149592
5149594
5149596
5149598
5149600
5149602
5149604
5149606
5149608
5149610
5149612
5149614
5149616
5149618
5149620
5149622
5149624
5149626
5149628
5149630
5149632
5149634
5149636
5149638
5149640
5149642
5149644
5149646
5149648
5149650
5149652
5149654
5149656
5149658
5149660
5149662
5149664
5149666
5149668
5149670
5149672
5149674
5149676
5149678
5149680
5149682
5149684
5149686
5149688
5149690
5149692
5149694
5149696
5149698
5149700
5149702
5149704
5149706
5149708
5149710
5149712
5149714
5149716
5149718
5149720
5149722
5149724
5149726
5149728
5149730
5149732
5149734
5149736
5149738
5149740
5149742
5149744
5149746
5149748
5149750
5149752
5149754
5149756
5149758
5149760
5149762
5149764
5149766
5149768
5149770
5149772
5149774
5149776
5149778
5149780
5149782
5149784
5149786
5149788
5149790
5149792
5149794
5149796
5149798
5149800
5149802
5149804
5149806
5149808
5149810
