5148757
5148759
5148761
5148763
5148765
5148767
5148769
5148771
5148773
5148775
5148777
5148779
5148781
5148783
5148785
5148787
5148804
5148807
5148809
5148811
5148813
5148815
5148817
5148819
5148821
5148823
5148825
5148827
5148829
5148831
5148833
5148835
5148837
5148839
5148841
5148843
5148845
5148847
5148849
5148851
5148853
5148855
5148857
5148859
5148861
5148863
5148865
5148867
5148869
5148871
5148873
5148875
5148877
5148879
5148881
5148883
5148885
5148887
5148889
5148891
5148893
5148895
5148897
5148899
5148901
5148903
5148905
5148907
5148909
5148911
5148913
5148915
5148917
5148919
5148921
5148923
5148925
5148927
5148929
5148931
5148933
5148935
5148937
5148939
5148942
5148944
5148946
5148948
5148950
5148952
5148954
5148956
5148958
5148960
5148962
5148964
5148966
5148968
5148970
5148972
5148974
5148976
5148978
5148980
5148982
5148984
5148986
5148988
5148990
5148992
5148994
5148996
5148998
5149000
5149002
5149004
5149006
5149008
5149010
5149012
5149014
5149016
5149018
5149020
5149022
5149024
5149026
5149028
5149030
5149032
5149034
5149036
5149038
5149040
5149042
5149044
5149046
5149048
5149050
5149052
5149054
5149056
5149058
5149060
5149062
5149064
5149066
5149068
5149070
5149072
5149074
5149076
5149078
5149080
5149082
5149084
5149086
5149088
5149090
5149092
5149094
5149096
5149098
5149100
5149102
5149104
5149106
5149108
5149110
5149112
5149114
5149116
5149118
5149120
5149122
5149124
5149126
5149128
5149130
5149132
5149134
5149136
5149138
5149153
5149155
5149157
5149159
5149161
5149163
5149165
5149167
5149169
5149171
5149173
5149175
5149177
5149179
5149181
5149183
5149185
5149187
5149189
5149191
5149193
5149195
5149197
5149199
5149201
5149203
5149205
5149207
5149209
5149211
5149213
5149215
5149217
5149219
5149221
5149223
5149225
5149227
5149229
5149231
5149233
5149235
5149237
5149239
5149241
5149243
5149245
5149247
5149249
5149251
5149253
5149255
5149257
5149259
5149261
5149263
5149265
5149267
5149269
5149271
5149273
5149275
5149277
5149279
5149281
5149283
5149285
5149287
5149289
5149291
5149293
5149295
5149297
5149299
5149301
5149303
5149305
5149307
5149309
5149311
5149313
5149315
5149317
5149319
5149321
5149323
5149325
5149327
5149329
5149331
5149333
5149335
5149337
5149339
5149341
5149343
5149345
5149347
5149349
5149351
5149353
5149355
5149357
5149359
5149361
5149363
5149365
5149367
5149369
5149371
5149373
5149375
5149377
5149379
5149381
5149383
5149385
5149387
5149389
5149392
5149394
5149397
5149400
5149402
5149404
5149406
5149408
5149410
5149412
5149414
5149416
5149418
5149420
5149422
5149424
5149426
5149428
5149430
5149432
5149434
5149436
5149438
5149440
5149442
5149444
5149446
5149448
5149450
5149452
5149454
5149456
5149458
5149460
5149462
5149464
5149466
5149468
5149470
5149472
5149474
5149476
5149478
5149480
5149482
5149484
5149486
5149488
5149490
5149492
5149494
5149496
5149498
5149500
5149502
5149504
5149506
5149508
5149510
5149512
5149514
5149516
5149519
5149521
5149524
5149526
5149528
5149530
5149533
5149535
5149537
5149539
5149541
5149543
5149545
5149547
5149549
5149551
5149553
5149555
5149557
5149559
5149561
5149563
5149565
5149567
5149569
5149571
5149573
5149575
5149577
5149579
5149581
5149583
5149585
5149587
5149589
5149591
5149593
5149595
5149597
5149599
5149601
5149603
5149605
5149607
5149609
5149611
5149613
5149615
5149617
5149619
5149621
5149623
5149625
5149627
5149629
5149631
5149633
5149635
5149637
5149639
5149641
5149643
5149645
5149647
5149649
5149651
5149653
5149655
5149657
5149659
5149661
5149663
5149665
5149667
5149669
5149671
5149673
5149675
5149677
5149679
5149681
5149683
5149685
5149687
5149689
5149691
5149693
5149695
5149697
5149699
5149701
5149703
5149705
5149707
5149709
5149711
5149713
5149715
5149717
5149719
5149721
5149723
5149725
5149727
5149729
5149731
5149733
5149735
5149737
5149739
5149741
5149743
5149745
5149747
5149749
5149751
5149753
5149755
5149757
5149759
5149761
5149763
5149765
5149767
5149769
5149771
5149773
5149775
5149777
5149779
5149781
5149783
5149785
5149787
5149789
5149791
5149793
5149795
5149797
5149799
5149801
5149803
5149805
5149807
5149809
5149811
