6956784
6956786
6956788
6956790
6956792
6956794
6956796
6956798
6956800
6956802
6956804
6956806
6956808
6956810
6956812
6956814
6956816
6956818
6956820
6956822
6956824
6956826
6956828
6956830
6956832
6956834
6956836
6956838
6956840
6956842
6956844
6956846
6956848
6956850
6956852
6956854
6956856
6956858
6956860
6956862
6956864
6956866
6956868
6956870
6956872
6956874
6956876
6956878
6956880
6956882
6956884
6956886
6956888
6956890
6956892
6956894
6956896
6956898
6956900
6956902
6956904
6956906
6956908
6956910
6956912
6956914
6956916
6956919
6956921
6956923
6956925
6956927
6956929
6956931
6956933
6956935
6956937
6956939
6956941
6956943
6956945
6956947
6956949
6956951
6956953
6956955
6956957
6956959
6956961
6956963
6956965
6956967
6956969
6956971
6956973
6956975
6956977
6956979
6956981
6956983
6956985
6956987
6956989
6956991
6956993
6956995
6956997
6956999
6957001
6957003
6957005
6957007
6957009
6957011
6957013
6957015
6957017
6957019
6957021
6957023
6957025
6957027
