6955761
6955763
6955765
6955767
6955769
6955771
6955773
6955775
6955777
6955779
6955781
6955783
6955785
6955787
6955789
6955791
6955793
6955795
6955797
6955799
6955801
6955803
6955805
6955807
6955809
6955811
6955813
6955815
6955817
6955819
6955821
6955823
6955825
6955827
6955829
6955831
6955833
6955835
6955837
6955839
6955841
6955843
6955845
6955847
6955849
6955851
6955853
6955855
6955857
6955859
6955861
6955863
6955865
6955867
6955869
6955871
6955873
6955875
6955877
6955879
6955881
6955883
6955885
6955887
6955889
6955891
6955893
6955895
6955897
6955899
6955901
6955903
6955905
6955907
6955909
6955911
6955913
6955915
6955917
6955919
6955921
6955923
6955925
6955927
6955929
6955931
6955933
6955935
6955937
6955939
6955941
6955943
6955945
6955947
6955949
6955951
6955953
6955955
6955957
6955959
6955961
6955963
6955965
6955967
6955969
6955971
6955973
6955975
6955977
6955979
6955981
6955983
6955985
6955987
6955989
6955991
6955993
6955995
6955997
6955999
6956001
6956003
6956005
6956007
6956009
6956011
6956013
6956015
6956017
6956019
6956021
6956023
6956025
6956027
6956029
6956031
6956033
6956035
6956037
6956039
6956041
6956043
6956045
6956047
6956049
6956051
6956053
6956055
6956057
6956059
6956061
6956063
6956065
6956067
6956069
6956071
6956073
6956075
6956077
6956079
6956081
6956083
6956085
6956087
6956089
6956091
6956093
6956095
6956097
6956099
6956101
6956103
6956105
6956107
6956109
6956111
6956113
6956115
6956117
6956119
6956121
6956123
6956125
6956127
6956129
6956131
6956133
6956135
6956137
6956139
6956141
6956143
6956145
6956147
6956149
6956151
6956153
6956155
6956157
6956159
6956161
6956163
6956165
6956167
6956169
6956171
6956174
6956176
6956178
6956180
6956182
6956184
6956186
6956188
6956190
6956192
6956194
6956196
6956198
6956200
6956202
6956204
6956206
6956208
6956210
6956213
6956215
6956217
6956219
6956221
6956223
6956225
6956227
6956229
6956231
6956233
6956235
6956237
6956239
6956241
6956243
6956245
6956247
6956249
6956251
6956253
6956255
6956257
6956259
6956261
6956263
6956265
6956267
6956270
6956272
6956274
6956276
6956278
6956280
6956282
6956284
6956286
6956288
6956290
6956292
6956294
6956296
6956298
6956300
6956302
6956304
6956306
6956308
6956310
6956312
6956314
6956316
6956318
6956320
6956322
6956324
6956326
6956328
6956330
6956332
6956334
6956336
6956338
6956340
6956342
6956344
6956346
6956348
6956350
6956352
6956354
6956356
6956358
6956360
6956362
6956364
6956366
6956369
6956371
6956373
6956375
6956377
6956379
6956381
6956383
6956385
6956387
6956389
6956391
6956393
6956395
6956397
6956399
6956401
6956403
6956405
6956407
6956409
6956411
6956413
6956415
6956417
6956419
6956421
6956423
6956425
6956427
6956429
6956431
6956433
6956435
6956437
6956439
6956441
6956443
6956445
6956447
6956449
6956451
6956453
6956455
6956457
6956459
6956461
6956463
6956465
6956467
6956469
6956471
6956473
6956475
6956477
6956479
6956481
6956483
6956485
6956487
6956489
6956491
6956493
6956495
6956497
6956499
6956501
6956503
6956505
6956507
6956509
6956511
6956513
6956515
6956517
6956519
6956521
6956523
6956525
6956527
6956529
6956531
6956533
6956535
6956537
6956539
6956541
6956543
6956545
6956547
6956549
6956551
6956553
6956555
6956557
6956559
6956561
6956563
6956565
6956567
6956569
6956571
6956573
6956575
6956577
6956579
6956581
6956583
6956585
6956587
6956589
6956591
6956593
6956595
6956597
6956599
6956601
6956603
6956605
6956607
6956609
6956611
6956613
6956615
6956617
6956619
6956621
6956623
6956625
6956627
6956629
6956631
6956633
6956635
6956637
6956639
6956641
6956643
6956645
6956647
6956649
6956651
6956653
6956655
6956657
6956659
6956661
6956663
6956665
6956667
6956669
6956671
6956673
6956675
6956677
6956679
6956681
6956683
6956685
6956687
6956689
6956691
6956693
6956695
6956697
6956699
6956701
6956703
6956705
6956707
6956709
6956711
6956713
6956715
6956717
6956719
6956721
6956723
6956725
6956727
6956729
6956731
6956733
6956735
6956737
6956739
6956741
6956743
6956745
6956747
6956749
6956751
6956753
6956755
6956757
6956759
6956761
6956763
6956765
6956767
6956769
6956771
6956773
6956775
6956777
6956779
6956781
6956783
