6955761
6955763
6955765
6955767
6955769
6955771
6955773
6955775
6955777
6955779
6955781
6955783
6955785
6955787
6955789
6955791
6955793
6955795
6955797
6955799
6955801
6955803
6955805
6955807
6955809
6955811
6955813
6955817
6955821
6955823
6955827
6955829
6955831
6955833
6955837
6955839
6955841
6955843
6955845
6955847
6955853
6955855
6955857
6955861
6955863
6955865
6955867
6955869
6955871
6955873
6955875
6955881
6955883
6955885
6955887
6955889
6955891
6955893
6955895
6955901
6955903
6955905
6955907
6955909
6955911
6955915
6955917
6955919
6955921
6955923
6955929
6955933
6955935
6955939
6955941
6955943
6955945
6955947
6955949
6955951
6955953
6955955
6955957
6955959
6955961
6955963
6955965
6955969
6955971
6955973
6955975
6955979
6955981
6955983
6955985
6955987
6955993
6955995
6955997
6955999
6956001
6956003
6956005
6956007
6956009
6956011
6956013
6956015
6956017
6956019
6956021
6956023
6956025
6956027
6956031
6956033
6956035
6956037
6956039
6956041
6956043
6956045
6956049
6956051
6956053
6956057
6956059
6956061
6956063
6956065
6956069
6956073
6956075
6956077
6956079
6956081
6956083
6956085
6956087
6956089
6956091
6956093
6956095
6956097
6956101
6956103
6956107
6956109
6956111
6956113
6956115
6956117
6956119
6956123
6956125
6956127
6956129
6956131
6956135
6956137
6956139
6956141
6956143
6956145
6956147
6956149
6956153
6956155
6956157
6956159
6956161
6956163
6956165
6956167
6956169
6956174
6956176
6956178
6956180
6956184
6956186
6956188
6956190
6956192
6956194
6956196
6956200
6956202
6956204
6956206
6956208
6956210
6956217
6956219
6956221
6956223
6956225
6956227
6956229
6956233
6956235
6956237
6956239
6956241
6956243
6956245
6956249
6956251
6956255
6956257
6956259
6956261
6956263
6956265
6956267
6956270
6956272
6956274
6956278
6956280
6956282
6956284
6956286
6956288
6956290
6956292
6956294
6956296
6956298
6956300
6956302
6956304
6956306
6956308
6956310
6956312
6956314
6956316
