6955760
6955762
6955764
6955766
6955768
6955770
6955772
6955774
6955776
6955778
6955780
6955782
6955784
6955786
6955788
6955790
6955792
6955794
6955796
6955798
6955800
6955802
6955804
6955806
6955808
6955810
6955812
6955814
6955816
6955818
6955820
6955822
6955824
6955826
6955828
6955830
6955832
6955834
6955836
6955838
6955840
6955842
6955844
6955846
6955848
6955850
6955852
6955854
6955856
6955858
6955860
6955862
6955864
6955866
6955868
6955870
6955872
6955874
6955876
6955878
6955880
6955882
6955884
6955886
6955888
6955890
6955892
6955894
6955896
6955898
6955900
6955902
6955904
6955906
6955908
6955910
6955912
6955914
6955916
6955918
6955920
6955922
6955924
6955926
6955928
6955930
6955932
6955934
6955936
6955938
6955940
6955942
6955944
6955946
6955948
6955950
6955952
6955954
6955956
6955958
6955960
6955962
6955964
6955966
6955968
6955970
6955972
6955974
6955976
6955978
6955980
6955982
6955984
6955986
6955988
6955990
6955992
6955994
6955996
6955998
6956000
6956002
6956004
6956006
6956008
6956010
6956012
6956014
6956016
6956018
6956020
6956022
6956024
6956026
6956028
6956030
6956032
6956034
6956036
6956038
6956040
6956042
6956044
6956046
6956048
6956050
6956052
6956054
6956056
6956058
6956060
6956062
6956064
6956066
6956068
6956070
6956072
6956074
6956076
6956078
6956080
6956082
6956084
6956086
6956088
6956090
6956092
6956094
6956096
6956098
6956100
6956102
6956104
6956106
6956108
6956110
6956112
6956114
6956116
6956118
6956120
6956122
6956124
6956126
6956128
6956130
6956132
6956134
6956136
6956138
6956140
6956142
6956144
6956146
6956148
6956150
6956152
6956154
6956156
6956158
6956160
6956162
6956164
6956166
6956168
6956170
6956172
6956175
6956177
6956179
6956181
6956183
6956185
6956187
6956189
6956191
6956193
6956195
6956197
6956199
6956201
6956203
6956205
6956207
6956209
6956212
6956214
6956216
6956218
6956220
6956222
6956224
6956226
6956228
6956230
6956232
6956234
6956236
6956238
6956240
6956242
6956244
6956246
6956248
6956250
6956252
6956254
6956256
6956258
6956260
6956262
6956264
6956266
6956269
6956271
6956273
6956275
6956277
6956279
6956281
6956283
6956285
6956287
6956289
6956291
6956293
6956295
6956297
6956299
6956301
6956303
6956305
6956307
6956309
6956311
6956313
6956315
6956317
6956319
6956321
6956323
6956325
6956327
6956329
6956331
6956333
6956335
6956337
6956339
6956341
6956343
6956345
6956347
6956349
6956351
6956353
6956355
6956357
6956359
6956361
6956363
6956365
6956367
6956370
6956372
6956374
6956376
6956378
6956380
6956382
6956384
6956386
6956388
6956390
6956392
6956394
6956396
6956398
6956400
6956402
6956404
6956406
6956408
6956410
6956412
6956414
6956416
6956418
6956420
6956422
6956424
6956426
6956428
6956430
6956432
6956434
6956436
6956438
6956440
6956442
6956444
6956446
6956448
6956450
6956452
6956454
6956456
6956458
6956460
6956462
6956464
6956466
6956468
6956470
6956472
6956474
6956476
6956478
6956480
6956482
6956484
6956486
6956488
6956490
6956492
6956494
6956496
6956498
6956500
6956502
6956504
6956506
6956508
6956510
6956512
6956514
6956516
6956518
6956520
6956522
6956524
6956526
6956528
6956530
6956532
6956534
6956536
6956538
6956540
6956542
6956544
6956546
6956548
6956550
6956552
6956554
6956556
6956558
6956560
6956562
6956564
6956566
6956568
6956570
6956572
6956574
6956576
6956578
6956580
6956582
6956584
6956586
6956588
6956590
6956592
6956594
6956596
6956598
6956600
6956602
6956604
6956606
6956608
6956610
6956612
6956614
6956616
6956618
6956620
6956622
6956624
6956626
6956628
6956630
6956632
6956634
6956636
6956638
6956640
6956642
6956644
6956646
6956648
6956650
6956652
6956654
6956656
6956658
6956660
6956662
6956664
6956666
6956668
6956670
6956672
6956674
6956676
6956678
6956680
6956682
6956684
6956686
6956688
6956690
6956692
6956694
6956696
6956698
6956700
6956702
6956704
6956706
6956708
6956710
6956712
6956714
6956716
6956718
6956720
6956722
6956724
6956726
6956728
6956730
6956732
6956734
6956736
6956738
6956740
6956742
6956744
6956746
6956748
6956750
6956752
6956754
6956756
6956758
6956760
6956762
6956764
6956766
6956768
6956770
6956772
6956774
6956776
6956778
6956780
6956782
