6955760
6955762
6955764
6955766
6955768
6955770
6955772
6955774
6955776
6955778
6955780
6955782
6955784
6955786
6955788
6955790
6955792
6955794
6955796
6955798
6955800
6955802
6955806
6955808
6955810
6955812
6955816
6955820
6955822
6955826
6955828
6955830
6955832
6955836
6955838
6955840
6955842
6955844
6955846
6955852
6955854
6955856
6955860
6955862
6955864
6955866
6955868
6955870
6955872
6955874
6955880
6955882
6955884
6955886
6955888
6955890
6955892
6955894
6955900
6955902
6955904
6955906
6955908
6955910
6955914
6955916
6955918
6955920
6955922
6955928
6955932
6955934
6955938
6955940
6955942
6955944
6955946
6955948
6955950
6955952
6955954
6955956
6955958
6955960
6955962
6955964
6955968
6955970
6955972
6955974
6955978
6955980
6955982
6955984
6955986
6955992
6955994
6955996
6955998
6956000
6956002
6956004
6956006
6956008
6956010
6956012
6956014
6956016
6956018
6956020
6956022
6956024
6956026
6956030
6956032
6956034
6956036
6956038
6956040
6956042
6956044
6956048
6956050
6956052
6956056
6956058
6956060
6956062
6956064
6956068
6956072
6956074
6956076
6956078
6956080
6956082
6956084
6956086
6956088
6956090
6956092
6956094
6956096
6956100
6956102
6956106
6956108
6956110
6956112
6956114
6956116
6956118
6956122
6956124
6956126
6956128
6956130
6956134
6956136
6956138
6956140
6956142
6956144
6956146
6956148
6956152
6956154
6956156
6956158
6956160
6956162
6956164
6956166
6956168
6956172
6956175
6956177
6956179
6956183
6956185
6956187
6956189
6956191
6956193
6956195
6956199
6956201
6956203
6956205
6956207
6956209
6956216
6956218
6956220
6956222
6956224
6956226
6956228
6956232
6956234
6956236
6956238
6956240
6956242
6956244
6956248
6956250
6956252
6956254
6956256
6956258
6956260
6956262
6956264
6956266
6956269
6956271
6956273
6956277
6956279
6956281
6956283
6956285
6956287
6956289
6956291
6956293
6956295
6956297
6956299
6956301
6956303
6956305
6956307
6956309
6956311
6956313
6956315
6956317
