6956785
6956787
6956789
6956791
6956793
6956795
6956797
6956799
6956801
6956803
6956805
6956807
6956809
6956811
6956813
6956815
6956817
6956819
6956821
6956823
6956825
6956827
6956829
6956831
6956833
6956835
6956837
6956839
6956841
6956843
6956845
6956847
6956849
6956851
6956853
6956855
6956857
6956859
6956861
6956863
6956865
6956867
6956869
6956871
6956873
6956875
6956877
6956879
6956881
6956883
6956885
6956887
6956889
6956891
6956893
6956895
6956897
6956899
6956901
6956903
6956905
6956907
6956909
6956911
6956913
6956915
6956917
6956920
6956922
6956924
6956926
6956928
6956930
6956932
6956934
6956936
6956938
6956940
6956942
6956944
6956946
6956948
6956950
6956952
6956954
6956956
6956958
6956960
6956962
6956964
6956966
6956968
6956970
6956972
6956974
6956976
6956978
6956980
6956982
6956984
6956986
6956988
6956990
6956992
6956994
6956996
6956998
6957000
6957002
6957004
6957006
6957008
6957010
6957012
6957014
6957016
6957018
6957020
6957022
6957024
6957026
6957028
