5088587
5088589
5088591
5088593
5088595
5088597
5088599
5088601
5088603
5088605
5088607
5088609
5088611
5088613
5088615
5088617
5088619
5088621
5088623
5088625
5088627
5088629
5088631
5088633
5088635
5088637
5088639
5088641
5088643
5088645
5088647
5088649
5088651
5088653
5088655
5088657
5088659
5088661
5088663
5088665
5088667
5088669
5088671
5088673
5088675
5088677
5088679
5088681
5088683
5088685
5088687
5088689
5088691
5088693
5088695
5088697
5088699
5088701
5088703
5088705
5088707
5088709
5088711
5088713
5088715
5088717
5088719
5088721
5088723
5088725
5088727
5088729
5088731
5088733
5088735
5088737
5088739
5088741
5088743
5088745
5088747
5088749
5088751
5088753
5088755
5088757
5088759
5088761
5088763
5088765
5088767
5088769
5088771
5088773
5088775
5088777
5088779
5088781
5088783
5088785
5088787
5088789
5088791
5088793
5088795
5088797
5088799
5088801
5088803
5088805
5088807
5088809
5088811
5088813
5088815
5088817
5088819
5088821
5088823
5088825
5088827
5088829
5088831
5088833
5088835
5088837
5088839
5088841
5088843
5088845
5088847
5088849
5088851
5088853
5088855
5088857
5088859
5088861
5088863
5088865
5088867
5088869
5088871
5088873
5088875
5088877
5088879
5088881
5088883
5088885
5088887
5088889
5088891
5088893
5088895
5088897
5088899
5088901
5088903
5088905
5088907
5088909
5088911
5088913
5088915
5088917
5088919
5088921
5088923
5088925
5088927
5088929
5088931
5088933
5088935
5088937
5088939
5088941
5088943
5088945
5088947
5088949
5088951
5088953
5088955
5088957
5088959
5088961
5088963
5088965
5088967
5088969
5088971
5088973
5088975
5088977
5088979
5088981
5088983
5088985
5088987
5088989
5088991
5088993
5088995
5088997
5088999
5089001
5089003
5089005
5089007
5089009
5089011
5089013
5089015
5089017
5089019
5089021
5089023
5089025
5089027
5089029
5089031
5089033
5089035
5089037
5089039
5089041
5089043
5089045
5089047
5089049
5089051
5089053
5089055
5089057
5089059
5089061
5089063
5089065
5089067
5089069
5089071
5089073
5089075
5089077
5089079
5089081
5089083
5089085
5089087
5089089
5089091
5089093
5089095
5089097
5089099
5089101
5089103
5089105
5089107
5089109
5089111
5089113
5089115
5089117
5089119
5089121
5089123
5089125
5089127
5089129
5089131
5089133
5089135
5089137
5089139
5089141
5089143
5089145
5089147
5089149
5089151
5089153
5089155
5089157
5089159
5089161
5089163
5089165
5089167
5089169
5089171
5089173
5089175
5089177
5089179
5089181
5089183
5089185
5089187
5089189
5089191
5089193
5089195
5089197
5089199
5089201
5089203
5089205
5089207
5089209
5089211
5089213
5089215
5089217
5089219
5089221
5089223
5089225
5089227
5089229
5089231
5089233
5089235
5089237
5089239
5089241
5089243
5089245
5089247
5089249
5089251
5089253
5089255
5089257
5089259
5089261
5089263
5089265
5089267
5089269
5089271
5089273
5089275
5089277
5089279
5089281
5089283
5089285
5089287
5089289
5089291
5089293
5089295
5089297
5089299
5089301
5089303
5089305
5089307
5089309
5089311
5089313
5089315
5089317
5089319
5089321
5089323
5089325
5089327
5089329
5089331
5089333
5089335
5089337
5089339
5089341
5089343
5089345
5089347
5089349
5089351
5089353
5089355
5089357
5089359
5089361
5089363
5089365
5089367
5089369
5089371
5089373
5089375
5089377
5089379
5089381
5089383
5089385
5089387
5089389
5089391
5089393
5089395
5089397
5089399
5089401
5089403
5089405
5089407
5089409
5089411
5089413
5089415
5089417
5089419
5089421
5089423
5089425
5089427
5089429
5089431
5089433
5089435
5089437
5089439
5089441
5089443
5089445
5089447
5089449
5089451
5089453
5089455
5089457
5089459
5089461
5089463
5089465
5089467
5089469
5089471
5089473
5089475
5089477
5089479
5089481
5089483
5089485
5089487
5089489
5089491
5089493
5089495
5089497
5089499
5089501
5089503
5089505
5089507
5089509
5089511
5089513
5089515
5089517
5089519
5089521
5089523
5089525
5089527
5089529
5089531
5089533
5089535
5089537
5089539
5089541
5089543
5089545
5089547
5089549
5089551
5089553
5089555
5089557
5089559
5089561
5089563
5089565
5089567
5089569
5089571
5089573
5089575
5089577
5089579
5089581
5089583
5089585
5089587
5089589
5089591
5089593
5089595
5089597
5089599
5089601
5089603
5089605
