5089607
5089609
5089611
5089613
5089615
5089617
5089619
5089621
5089623
5089625
5089627
5089629
5089631
5089633
5089635
5089637
5089639
5089641
5089643
5089645
5089647
5089649
5089651
5089653
5089655
5089657
5089659
5089661
5089663
5089665
5089667
5089669
5089671
5089673
5089675
5089677
5089679
5089681
5089683
5089685
5089687
5089689
5089691
5089693
5089695
5089697
5089699
5089701
5089703
5089705
5089707
5089710
5089713
5089715
5089718
5089720
5089723
5089725
5089727
5089729
5089731
5089733
5089735
5089737
5089739
5089741
5089743
5089745
5089747
5089749
5089751
5089753
5089755
5089757
5089759
5089761
5089763
5089765
5089767
5089769
5089771
5089773
5089775
5089777
5089779
5089781
5089783
5089785
5089787
5089789
5089791
5089793
5089795
5089797
5089799
5089801
5089803
5089805
5089807
5089809
5089811
5089813
5089815
5089817
5089819
5089821
5089823
5089825
5089827
5089829
5089831
5089833
5089835
5089837
5089839
5089841
5089843
5089845
5089847
5089850
5089852
5089855
